[gd_scene load_steps=5 format=3 uid="uid://ra5fclq0rvk"]

[ext_resource type="Script" uid="uid://c6e3fratuayb5" path="res://Scripts/GameState/Zone.cs" id="1_dfjre"]
[ext_resource type="PackedScene" uid="uid://bfwranwv4r1lx" path="res://Scenes/Art/Models/door.tscn" id="1_h6k85"]
[ext_resource type="PackedScene" uid="uid://6i5rrowv0td" path="res://Scenes/FixedCamera.tscn" id="2_dfr2l"]
[ext_resource type="PackedScene" uid="uid://syj6k24hr5nw" path="res://Scenes/Items/fuse.tscn" id="3_4o804"]

[node name="LockupScene" type="Node3D" groups=["Environments"]]
script = ExtResource("1_dfjre")
ZoneId = "STORE_LOCKUP"

[node name="CSGBox3D" type="CSGBox3D" parent="."]
transform = Transform3D(1, 0, 0, 0, 1, 0, 0, 0, 1, 0.6557007, 1.5814514, 2.472702)
use_collision = true
flip_faces = true
size = Vector3(2.3114014, 2.6552124, 7.25119)

[node name="door" parent="." instance=ExtResource("1_h6k85")]
transform = Transform3D(-4.371139e-08, 0, -1, 0, 1, 0, 1, 0, -4.371139e-08, 1.8146845, 0.22308767, 1.3800147)
_environmentToLoad = "res://Scenes/Environments/showroom_floor_scene.tscn"
KeyIdRequired = 1

[node name="CSGBox3D2" type="CSGBox3D" parent="."]
transform = Transform3D(1, 0, 0, 0, 1, 0, 0, 0, 1, -0.326, 1.036, 2.472)
use_collision = true
size = Vector3(0.3486328, 0.088012695, 7.2638245)

[node name="CSGBox3D3" type="CSGBox3D" parent="."]
transform = Transform3D(1, 0, 0, 0, 1, 0, 0, 0, 1, -0.3256836, 1.7445436, 2.4719086)
size = Vector3(0.3486328, 0.088012695, 7.2638245)

[node name="CSGBox3D4" type="CSGBox3D" parent="."]
transform = Transform3D(1, 0, 0, 0, 1, 0, 0, 0, 1, 1.6624515, 1.7445436, 4.221219)
size = Vector3(0.3486328, 0.088012695, 3.7338963)

[node name="CSGBox3D6" type="CSGBox3D" parent="."]
transform = Transform3D(-4.371139e-08, 0, -1, 0, 1, 0, 1, 0, -4.371139e-08, 0.6809969, 1.7445436, 5.9274964)
size = Vector3(0.3486328, 0.088012695, 1.7497582)

[node name="CSGBox3D7" type="CSGBox3D" parent="."]
transform = Transform3D(-4.371139e-08, 0, -1, 0, 1, 0, 1, 0, -4.371139e-08, 0.681, 1.036, 5.927)
use_collision = true
size = Vector3(0.3486328, 0.088012695, 1.7497582)

[node name="CSGBox3D5" type="CSGBox3D" parent="."]
transform = Transform3D(1, 0, 0, 0, 1, 0, 0, 0, 1, 1.6624515, 1.0359042, 4.22421)
use_collision = true
size = Vector3(0.3486328, 0.088012695, 3.7398777)

[node name="Spawnpoints" type="Node" parent="."]

[node name="FromShowroomFloorScene" type="Marker3D" parent="Spawnpoints"]
transform = Transform3D(-1, 0, 8.742278e-08, 0, 1, 0, -8.742278e-08, 0, -1, 1.272561, 1.1332452, 1.4175001)

[node name="FixedCamera" parent="." instance=ExtResource("2_dfr2l")]
transform = Transform3D(-0.9390994, -0.07962613, 0.33429343, 0, 0.97278494, 0.23170991, -0.34364575, 0.21759863, -0.91354173, 1.613966, 2.3172832, -1.2283411)

[node name="DirectionalLight3D" type="DirectionalLight3D" parent="."]
transform = Transform3D(1, 0, 0, 0, -0.50000006, 0.8660254, 0, -0.8660254, -0.50000006, 0, 6.6255627, -4.1688104)

[node name="fuse" parent="." instance=ExtResource("3_4o804")]
transform = Transform3D(-2.6692538e-08, -0.70710677, 0.70710677, -1, -2.1855692e-08, -5.9604645e-08, 5.7601156e-08, -0.70710677, -0.70710677, -0.34737828, 1.1826915, 2.63958)
ZoneId = "STORE_LOCKUP"
ItemId = "FUSE"
